# id	left	top	right	bottom	texture_id
[SPRITES]

#LEFT-DOWN
15001	115	545	130	576	60
15002	15	545	30	576	60

#LEFT-UP
15011	165	545	180	576	60
15012	65	545	80	576	60

#RIGHT-DOWN
15021	265	545	280	576	60
15022	365	545	380	576	60

#RIGHT-UP
15031	215	545	230	576	60
15032	315	545	330	576	60


# ani_id	sprite1_id	time1	sprite2_id	time2	...
[ANIMATIONS]

#LEFT-DOWN
15101	15001	100	15002	100

#LEFT-UP
15102	15011	100	15012	100

#RIGHT-DOWN
15111	15021	100	15022	100

#RIGHT-UP
15112	15031	100	15032	100

