# id	left	top	right	bottom	texture_id
[SPRITES]

######NORMAL GOOMBA##########
#WALK
31001	5	14	20	29	10
31002	25	14	40	29	10

#DIE
32001	45	20	60	29	10

############PARA GOOMBA##########

#WALK & FLY
31101	113	0	128	15	60	
31102	153	0	168	15	60
31103	113	0	132	23	60	
31104	153	0	172	23	60
31105	193	0	212	18	60
31106	233	0	252	18	60


#DIE
32101	315	6	330	15	60

# ani_id	sprite1_id	time1	sprite2_id	time2	...
[ANIMATIONS]

###########NORMAL GOOMBA################
5000	31001	100	31002	100
5001	32001	100

##########PARAGOOMBA###############
5100	31101	100	31102	100
5101	31105	100	31106	100	31105	100	31106	100	31105	100	31106	100	31104	20	31105	20	31103	20	31105	20	31106	20	31104	20	
5102	32101	100