# id	left	top	right	bottom	texture_id
[SPRITES]
#####  BIG ###############
#IDLE
11121	216	242	239	271	0
11111	176	242	189	271	0

#WALKING RIGHT
11222	255	242	270	271	0
11223	295	242	310	271	0

#WALKING LEFT
11212	135	242	150	271	0
11213	95	242	110	271	0


#RUNNING RIGHT
11321	213	322	232	351	0
11322	253	322	272	351	0
11323	293	322	312	351	0

#RUNNING LEFT
11311	173	322	192	351	0
11312	133	322	152	351	0
11313	93	322	112	351	0


#JUMP WALK RIGHT
11417	335	242	352	271	0
11413	55	242	72	271	0

#JUMP RUN RIGHT & LEFT
11427	334	363	352	392	0
11423	54	363	72	392	0

#SIT RIGHT & LEFT 
11521	376	248	390	266	0
11511	16	248	30	266	0

#BRACE RIGHT & LEFT 
11621	214	283	229	312	0
11611	174	283	189	312	0

#DIE
13001	15	209	30	224	0


############ SMALL ################
 #IDLE
12121	217	89	232	104	0
12111	177	89	192	104	0


#WALK RIGHT
12222	255	89	270	104	0

#WALK LEFT
12212	135	89	150	104	0


#RUN RIGHT
12321	215	169	230	184	0
12322	255	169	270	184	0


#RUN LEFT
12311	175	169	190	184	0
12312	135	169	150	184	0

#BRACE RIGHT & LEFT
12511	216	129	231	144	0
12521	176	129	191	144	0


#JUMP WALK RIGHT & LEFT 
12417	335	89	350	104	0
12413	55	89	70	104	0

#JUMP RUN RIGHT & LEFT 
12427	215	209	230	224	0
12423	175	209	190	224	0

# ani_id	sprite1_id	time1	sprite2_id	time2	...
[ANIMATIONS]
400	11121	100
401	11111	100

#WALKING RIGHT & LEFT 
500	11121	100	11222	100	11223	100
501	11111	100	11212	100	11213	100

#RUNNING RIGHT & LEFT
600	11321	50	11322	50	11323	50
601	11311	50	11312	50	11313	50

#JUMP WALK
700	11417	100
701	11413	100

#JUMP RUN
800	11427	100
801	11423	100

#SIT RIGHT & LEFT 
900	11521	100
901	11511	100

#BRACE RIGHT & LEFT 
1000	11621	100
1001	11611	100

#DIE
999	13001	100

################### SMALL #################
1100	12121	100
1102	12111	100

#WALK LEFT & RIGHT 
1200	12121	100	12222	100
1201	12111	100	12212	100

#RUN LEFT & RIGHT
1300	12321	100	12322	100
1301	12311	100	12312	100


#BRACE LEFT & RIGHT
1401	12511	100
1400	12521	100

#JUMP WALK
1500	12417	100
1501	12413	100

#JUMP RUN 
1601	12423	100
1600	12427	100