# id	left	top	right	bottom	texture_id
[SPRITES]

#GRASS
25000	1	27	16	42	90
25001	19	27	44	42	90
25002	39	27	64	42	90

#ROCK
26000	58	27	73	42	90

#WATER
27000	128	80	143	95	100
27001	144	80	159	95	100
27002	160	80	175	95	100
27003	192	80	207	95	100

27004	128	128	143	143	100
27005	144	128	159	143	100
27006	192	129	207	143	100


# ani_id	sprite1_id	time1	sprite2_id	time2	...
[ANIMATIONS]
#GRASS
25100	25000	300	25001	300	25002	300

#ROCK
26100	26000	300

#WATER
27100	27000	100
27101	27001	100
27102	27002	100
27103	27003	100
27104	27004	100
27105	27005	100
27106	27006	100