# id	left	top	right	bottom	texture_id
[SPRITES]

#####RED KOOPA#########

#WALK LEFT & RIGHT
18000	165	199	180	224	60
18001	125	199	140	224	60

18005	215	199	230	224	60
18006	255	199	270	224	60

#KICKED
18011	15	204	30	219	60
18012	15	229	30	244	60
18013	15	254	30	269	60

#DEFEND & BACK
18021	50	204	65	219	60
18022	84	204	111	219	60

####### FLIP
#DEFEND & BACK
18029	330	204	345	219	60
18028	294	204	311	219	60

#KICKED
18019	365	204	380	219	60
18018	365	229	380	244	60
18017	365	254	380	269	60	

# ani_id	sprite1_id	time1	sprite2_id	time2	...
[ANIMATIONS]

#WAKK LEFT
18100	18000	300	18001	300

#WALK RIGHT
18101	18005	300	18006	300

#DEFEND
18200	18021	100

#KICKED
18201	18011	100	18012	100	18013	100

#BACK
18300	18021	250	18022	250


########### FLIP
#DEFEND
18210	18029	100


#BACK
18310	18028	250	18029	250

#KICKED
18211	18019	100	18018	100	18017	100

