# id	left	top	right	bottom	texture_id
[SPRITES]
19000	298	350	313	365	80
19001	258	350	273	365	80
19002	278	350	293	365	80

19010	258	373	273	388	80
19011	298	373	313	388	80
19012	278	373	293	388	80

19015	319	375	328	389	80
19016	347	375	356	389	80
19017	332	375	341	389	80

19020	339	396	358	417	80
19021	363	396	382	417	80
19022	315	396	334	417	80


# ani_id	sprite1_id	time1	sprite2_id	time2	...
[ANIMATIONS]
19100	19000	100
19101	19001	100
19102	19002	100

19200	19010	100	19015	100
19201	19011	100	19016	100
19202	19012	100	19017	100

19300	19020	100
19301	19021	100
19302	19022	100