# id	left	top	right	bottom	texture_id
[SPRITES]

##RED##

#LEFT-DOWN
15001	115	545	130	576	60
15002	15	545	30	576	60

#LEFT-UP
15011	165	545	180	576	60
15012	65	545	80	576	60

#RIGHT-DOWN
15021	265	545	280	576	60
15022	365	545	380	576	60

#RIGHT-UP
15031	215	545	230	576	60
15032	315	545	330	576	60


##GREEN##

#LEFT-DOWN
15003	115	399	130	422	60
15004	15	399	30	422	60

#LEFT-UP
15013	165	399	180	422	60
15014	65	399	80	422	60

#RIGHT-DOWN
15023	264	399	279	422	60
15024	364	399	379	422	60

#RIGHT-UP
15033	214	399	229	422	60
15034	314	399	329	422	60

#VENUSTRAP
15000	15	349	30	372	60
15010	65	349	80	372	60


# ani_id	sprite1_id	time1	sprite2_id	time2	...
[ANIMATIONS]

##RED

#LEFT-DOWN
15101	15001	100	15002	100
15106	15002	100

#LEFT-UP
15102	15011	100	15012	100
15107	15012	100

#RIGHT-DOWN
15111	15021	100	15022	100
15116	15022	100

#RIGHT-UP
15112	15031	100	15032	100
15117	15032	100



##GREEN

#LEFT-DOWN
15103	15003	100	15004	100
15108	15004	100

#LEFT-UP
15104	15013	100	15013	100
15109	15014	100

#RIGHT-DOWN
15113	15023	100	15024	100
15118	15024	100

#RIGHT-UP
15114	15033	100	15034	100
15119	15034	100

#VENUSTRAP
15100	15000	100	15010	100
