# id	left	top	right	bottom	texture_id
[SPRITES]

#####RED KOOPA#########

#WALK LEFT & RIGHT
18000	165	199	180	224	60
18001	125	199	140	224	60

18005	215	199	230	224	60
18006	255	199	270	224	60

#KICKED
18011	15	204	30	219	60
18012	15	229	30	244	60
18013	15	254	30	269	60

#DEFEND & BACK
18021	50	204	65	219	60
18022	84	204	111	219	60

####### FLIP
#DEFEND & BACK
18029	330	204	345	219	60
18028	294	204	311	219	60

#KICKED
18019	365	204	380	219	60
18018	365	229	380	244	60
18017	365	254	380	269	60


######GREEN KOOPA

#WALK LEFT & RIGHT
18100	165	99	180	124	60
18101	125	99	140	124	60

18105	215	99	230	124	60
18106	255	99	270	124	60

#KICKED
18111	15	104	30	119	60
18112	15	129	30	144	60
18113	15	154	30	169	60

#DEFEND & BACK
18121	50	104	65	119	60
18122	84	104	111	119	60

####### FLIP
#DEFEND & BACK
18129	330	104	345	119	60
18128	294	104	311	119	60

#KICKED
18119	365	104	380	119	60
18118	365	129	380	144	60
18117	365	154	380	169	60

######WINGS KOOPA

#JUMP WALK RIGHT & LEFT
18200	215	148	230	175	60
18201	255	148	270	175	60
18202	295	148	310	175	60
18203	335	148	350	175	60

18210	165	148	180	175	60
18211	125	148	140	175	60
18212	85	148	100	175	60
18213	45	148	60	175	60




# ani_id	sprite1_id	time1	sprite2_id	time2	...
[ANIMATIONS]

######RED

#WAKK LEFT
18100	18000	300	18001	300

#WALK RIGHT
18101	18005	300	18006	300

#DEFEND
18200	18021	100

#KICKED
18201	18011	100	18012	100	18013	100

#BACK
18300	18021	250	18022	250


########### FLIP
#DEFEND
18210	18029	100


#BACK
18310	18028	250	18029	250

#KICKED
18211	18019	100	18018	100	18017	100


####GREEN


#WAKK LEFT
18600	18100	300	18101	300

#WALK RIGHT
18601	18105	300	18106	300

#DEFEND
18700	18121	100

#KICKED
18701	18111	100	18112	100	18113	100

#BACK
18800	18121	250	18122	250


########### FLIP
#DEFEND
18710	18129	100

#BACK
18810	18128	250	18129	250

#KICKED
18711	18119	100	18118	100	18117	100





#######WINGS
#WALK RIGHT & LEFT
18900	18200	100	18201	100	18202	100	18203	100
18901	18210	100	18211	100	18212	100	18213	100
